# This is another example of data input

params:
capacity 10.000000
nodes:
node1		0.331		-6.238		-9.760
node2		4.239		2.141		-11.340
node3		4.048		1.675		10.392
node4		8.926		4.872		-1.665
node5		1.346		0.407		4.963
node6		2.588		7.111		-3.269
node7		3.915		1.035		11.662
node8		8.971		0.670		2.120
node9		2.781		5.987		12.363
node10		7.322		0.751		5.576
node11		8.132		5.971		1.705
node12		2.623		9.828		0.039
node13		7.222		-4.603		10.678
node14		1.474		-9.863		6.792
node15		6.595		-1.747		-9.842
node16		1.975		-5.225		-3.605
node17		0.203		2.728		-9.208
node18		8.868		8.022		-2.843
node19		5.143		8.378		4.263
node20		0.705		3.771		8.992
node21          1.0             20.0            22.0  
node22          1.5            -23.0            24.0
node23          1.2            -7              -7
node24          0.8             2              -10
node25          2.0             13              12
node26          2.2             11              -10
node27          3.5             4               5
node28          3.6            -30             -17
node29          2.8             40              30
node30          4.6            -11              12
node31          4.2            -3               3
node32          4.0             2               1
node33          5.0            -20             -19
node34          5.5            -24             -23
node35          6.5             42             -40
node36          7.6            -30             -35
node37          3.3             22              22
node38          2.1             4.5             3.7
node39          4.7             2.2             2.9 
node40          1.7            -6              -17
node41          2.8             0               15
node42          5.5             5               0
node43          4.3             10              0             
node44          2.2             12              3 
node45          0.9             30              3 
node46          0.4            -30             -3 
node47          1.4            -11              10   
node48          2.9             12             -11 
node49          5.1             15             -9
node50          2.6            -14             -14
